0.000000 0.000000 0.000000 0.000000 0.000000 0.000000 0.000000 0.000000 0.000000 0.000000 0.000000 0.000000 0.000000 0.000000 0.000000 0.000000 0.000000 0.000000 0.000000 0.000000 0.000000 0.000000 0.000000 0.000000 0.000000 0.000000 0.000000 0.000000 0.000000 0.000000 0.000000 0.000000 0.000000 0.000000 0.000000 0.000000 0.000000 0.000000 0.000000 0.000000 0.000000 0.000000 0.000000 0.000000 0.000000 0.000000 0.000000 0.000000 0.000000 0.000000 0.000000 0.000000 0.000000 0.000000 0.000000 0.000000 0.000000 0.000000 0.000000 0.000000 0.000000 0.000000 0.000000 0.000000 0.000000 0.000000 0.000000 0.000000 0.000000 0.000000 0.000000 0.000000 0.000000 0.000000 0.000000 0.000000 0.000000 0.000000 0.000000 0.000000 0.000000 0.000000 0.000000 0.000000 0.000000 0.000000 0.000000 0.000000 0.000000 0.000000 0.000000 0.000000 0.000000 0.000000 0.000000 0.000000 0.000000 0.000000 0.000000 0.000000 
0.000000 0.000188 0.000381 0.000573 0.000779 0.000982 0.001209 0.001431 0.001686 0.001935 0.002225 0.002507 0.002841 0.003163 0.003545 0.003913 0.004350 0.004767 0.005262 0.005732 0.006288 0.006813 0.007431 0.008009 0.008687 0.009318 0.010052 0.010730 0.011514 0.012232 0.013056 0.013806 0.014659 0.015428 0.016296 0.017071 0.017938 0.018703 0.019551 0.020290 0.021099 0.021796 0.022547 0.023184 0.023858 0.024418 0.024997 0.025466 0.025934 0.026298 0.026642 0.026891 0.027102 0.027227 0.027298 0.027298 0.027226 0.027100 0.026888 0.026639 0.026293 0.025928 0.025458 0.024988 0.024407 0.023844 0.023168 0.022527 0.021773 0.021070 0.020256 0.019509 0.018655 0.017879 0.017002 0.016214 0.015331 0.014544 0.013672 0.012898 0.012048 0.011298 0.010481 0.009761 0.008983 0.008298 0.007564 0.006915 0.006226 0.005613 0.004968 0.004387 0.003781 0.003227 0.002655 0.002120 0.001574 0.001051 0.000521 0.000000 
0.000000 0.000381 0.000762 0.001161 0.001556 0.001988 0.002414 0.002896 0.003368 0.003914 0.004446 0.005072 0.005678 0.006396 0.007088 0.007910 0.008698 0.009634 0.010526 0.011582 0.012582 0.013763 0.014872 0.016175 0.017391 0.018812 0.020129 0.021657 0.023062 0.024682 0.026160 0.027850 0.029379 0.031114 0.032669 0.034417 0.035970 0.037698 0.039215 0.040885 0.042334 0.043906 0.045251 0.046688 0.047896 0.049160 0.050197 0.051254 0.052094 0.052914 0.053531 0.054092 0.054469 0.054753 0.054880 0.054879 0.054751 0.054466 0.054087 0.053525 0.052905 0.052082 0.051240 0.050180 0.049138 0.047869 0.046656 0.045212 0.043858 0.042277 0.040816 0.039133 0.037599 0.035854 0.034278 0.032505 0.030918 0.029151 0.027579 0.025845 0.024310 0.022632 0.021152 0.019548 0.018134 0.016614 0.015273 0.013843 0.012575 0.011234 0.010035 0.008779 0.007639 0.006456 0.005364 0.004242 0.003180 0.002102 0.001054 0.000000 
0.000000 0.000573 0.001161 0.001745 0.002370 0.002989 0.003677 0.004354 0.005128 0.005886 0.006769 0.007629 0.008643 0.009623 0.010786 0.011904 0.013233 0.014502 0.016009 0.017439 0.019131 0.020727 0.022606 0.024367 0.026429 0.028347 0.030581 0.032643 0.035027 0.037212 0.039720 0.042000 0.044596 0.046936 0.049576 0.051934 0.054569 0.056900 0.059476 0.061728 0.064187 0.066308 0.068591 0.070529 0.072579 0.074284 0.076045 0.077471 0.078895 0.080002 0.081050 0.081806 0.082447 0.082830 0.083045 0.083044 0.082827 0.082441 0.081798 0.081039 0.079988 0.078878 0.077449 0.076018 0.074251 0.072538 0.070480 0.068531 0.066236 0.064100 0.061624 0.059351 0.056751 0.054391 0.051724 0.049325 0.046642 0.044247 0.041594 0.039239 0.036655 0.034371 0.031885 0.029694 0.027329 0.025243 0.023012 0.021037 0.018943 0.017076 0.015114 0.013346 0.011504 0.009817 0.008077 0.006450 0.004788 0.003196 0.001586 0.000000 
0.000000 0.000779 0.001556 0.002370 0.003178 0.004060 0.004931 0.005913 0.006878 0.007993 0.009081 0.010357 0.011596 0.013061 0.014475 0.016154 0.017763 0.019674 0.021495 0.023652 0.025694 0.028103 0.030369 0.033029 0.035514 0.038414 0.041104 0.044223 0.047094 0.050399 0.053418 0.056867 0.059992 0.063531 0.066709 0.070277 0.073449 0.076974 0.080075 0.083482 0.086442 0.089651 0.092399 0.095331 0.097798 0.100377 0.102498 0.104654 0.106369 0.108043 0.109305 0.110448 0.111219 0.111799 0.112058 0.112057 0.111795 0.111212 0.110437 0.109290 0.108024 0.106346 0.104624 0.102461 0.100332 0.097744 0.095264 0.092319 0.089553 0.086326 0.083340 0.079908 0.076772 0.073211 0.069991 0.066374 0.063131 0.059525 0.056313 0.052774 0.049639 0.046215 0.043191 0.039917 0.037028 0.033927 0.031186 0.028268 0.025677 0.022941 0.020491 0.017927 0.015598 0.013185 0.010953 0.008662 0.006494 0.004292 0.002152 0.000000 
0.000000 0.000982 0.001988 0.002989 0.004060 0.005121 0.006299 0.007459 0.008785 0.010083 0.011596 0.013069 0.014804 0.016484 0.018476 0.020392 0.022666 0.024842 0.027421 0.029872 0.032768 0.035504 0.038721 0.041738 0.045268 0.048556 0.052378 0.055913 0.059994 0.063740 0.068031 0.071939 0.076381 0.080392 0.084910 0.088952 0.093462 0.097456 0.101865 0.105725 0.109933 0.113569 0.117476 0.120798 0.124305 0.127227 0.130241 0.132685 0.135123 0.137019 0.138813 0.140108 0.141205 0.141862 0.142230 0.142228 0.141856 0.141196 0.140095 0.138795 0.136996 0.135093 0.132648 0.130195 0.127171 0.124235 0.120714 0.117373 0.113446 0.109784 0.105547 0.101650 0.097202 0.093157 0.088593 0.084480 0.079889 0.075783 0.071243 0.067207 0.062784 0.058869 0.054615 0.050859 0.046812 0.043237 0.039417 0.036033 0.032447 0.029249 0.025889 0.022859 0.019705 0.016815 0.013835 0.011048 0.008202 0.005474 0.002717 0.000000 
0.000000 0.001209 0.002414 0.003677 0.004931 0.006299 0.007650 0.009174 0.010671 0.012399 0.014088 0.016067 0.017990 0.020262 0.022457 0.025058 0.027557 0.030519 0.033346 0.036688 0.039859 0.043593 0.047111 0.051234 0.055092 0.059586 0.063762 0.068594 0.073053 0.078174 0.082862 0.088206 0.093057 0.098541 0.103476 0.109003 0.113929 0.119391 0.124206 0.129484 0.134080 0.139051 0.143319 0.147861 0.151692 0.155688 0.158979 0.162321 0.164983 0.167577 0.169535 0.171307 0.172505 0.173403 0.173804 0.173802 0.173396 0.172494 0.171290 0.169513 0.167548 0.164947 0.162275 0.158923 0.155618 0.151607 0.147758 0.143195 0.138900 0.133899 0.129264 0.123946 0.119077 0.113560 0.108560 0.102956 0.097921 0.092333 0.087346 0.081863 0.076995 0.071689 0.066994 0.061920 0.057436 0.052629 0.048374 0.043851 0.039829 0.035589 0.031784 0.027809 0.024195 0.020454 0.016990 0.013437 0.010074 0.006658 0.003337 0.000000 
0.000000 0.001431 0.002896 0.004354 0.005913 0.007459 0.009174 0.010865 0.012794 0.014687 0.016888 0.019035 0.021560 0.024010 0.026907 0.029701 0.033010 0.036182 0.039933 0.043508 0.047720 0.051708 0.056387 0.060787 0.065921 0.070715 0.076274 0.081428 0.087362 0.092824 0.099065 0.104763 0.111223 0.117070 0.123641 0.129534 0.136094 0.141916 0.148328 0.153955 0.160075 0.165375 0.171057 0.175900 0.181001 0.185261 0.189644 0.193206 0.196752 0.199516 0.202124 0.204013 0.205608 0.206565 0.207101 0.207098 0.206557 0.205595 0.203994 0.202098 0.199482 0.196708 0.193152 0.189576 0.185178 0.180899 0.175778 0.170908 0.165196 0.159857 0.153696 0.148015 0.141546 0.135649 0.129011 0.123016 0.116338 0.110352 0.103748 0.097864 0.091431 0.085724 0.079537 0.074060 0.068173 0.062962 0.057406 0.052472 0.047256 0.042593 0.037705 0.033288 0.028698 0.024487 0.020150 0.016089 0.011946 0.007972 0.003958 0.000000 
0.000000 0.001686 0.003368 0.005128 0.006878 0.008785 0.010671 0.012794 0.014885 0.017292 0.019651 0.022407 0.025093 0.028257 0.031322 0.034945 0.038435 0.042559 0.046507 0.051162 0.055590 0.060789 0.065703 0.071443 0.076831 0.083088 0.088920 0.095649 0.101874 0.109005 0.115551 0.122991 0.129766 0.137401 0.144292 0.151988 0.158866 0.166470 0.173193 0.180541 0.186959 0.193881 0.199839 0.206163 0.211511 0.217075 0.221670 0.226322 0.230040 0.233651 0.236385 0.238852 0.240524 0.241774 0.242335 0.242332 0.241765 0.240508 0.238829 0.236355 0.233610 0.229989 0.226258 0.221592 0.216977 0.211393 0.206019 0.199665 0.193669 0.186706 0.180235 0.172830 0.166033 0.158350 0.151370 0.143566 0.136536 0.128755 0.121792 0.114157 0.107360 0.099971 0.093417 0.086350 0.080089 0.073394 0.067454 0.061154 0.055539 0.049632 0.044322 0.038784 0.033740 0.028526 0.023692 0.018740 0.014047 0.009285 0.004654 0.000000 
0.000000 0.001935 0.003914 0.005886 0.007993 0.010083 0.012399 0.014687 0.017292 0.019854 0.022825 0.025731 0.029139 0.032455 0.036364 0.040146 0.044611 0.048905 0.053967 0.058804 0.064489 0.069887 0.076200 0.082155 0.089082 0.095570 0.103070 0.110046 0.118053 0.125444 0.133865 0.141576 0.150291 0.158204 0.167070 0.175044 0.183893 0.191773 0.200423 0.208037 0.216294 0.223466 0.231132 0.237686 0.244566 0.250331 0.256244 0.261064 0.265847 0.269589 0.273107 0.275662 0.277814 0.279109 0.279832 0.279828 0.279099 0.277796 0.275636 0.273071 0.269543 0.265788 0.260991 0.256152 0.250220 0.244429 0.237520 0.230930 0.223224 0.216000 0.207687 0.200000 0.191273 0.183292 0.174337 0.166223 0.157214 0.149113 0.140203 0.132241 0.123560 0.115837 0.107488 0.100078 0.092133 0.085082 0.077583 0.070907 0.063866 0.057558 0.050959 0.044985 0.038787 0.033091 0.027233 0.021742 0.016146 0.010773 0.005349 0.000000 
0.000000 0.002225 0.004446 0.006769 0.009081 0.011596 0.014088 0.016888 0.019651 0.022825 0.025942 0.029575 0.033125 0.037295 0.041347 0.046122 0.050736 0.056171 0.061390 0.067523 0.073376 0.080227 0.086722 0.094286 0.101407 0.109652 0.117361 0.126226 0.134454 0.143849 0.152501 0.162304 0.171258 0.181317 0.190425 0.200563 0.209654 0.219671 0.228557 0.238237 0.246719 0.255837 0.263712 0.272044 0.279112 0.286440 0.292514 0.298642 0.303556 0.308312 0.311926 0.315175 0.317385 0.319032 0.319774 0.319770 0.319020 0.317365 0.315145 0.311886 0.308259 0.303489 0.298558 0.292411 0.286312 0.278956 0.271852 0.263483 0.255558 0.246386 0.237833 0.228078 0.219094 0.208972 0.199746 0.189466 0.180174 0.169922 0.160720 0.150660 0.141677 0.131941 0.123278 0.113966 0.105692 0.096869 0.089019 0.080716 0.073295 0.065509 0.058493 0.051191 0.044528 0.037652 0.031267 0.024736 0.018539 0.012256 0.006142 0.000000 
0.000000 0.002507 0.005072 0.007629 0.010357 0.013069 0.016067 0.019035 0.022407 0.025731 0.029575 0.033347 0.037756 0.042060 0.047117 0.052025 0.057801 0.063374 0.069921 0.076200 0.083552 0.090557 0.098722 0.106451 0.115409 0.123830 0.133529 0.142581 0.152936 0.162527 0.173417 0.183424 0.194694 0.204963 0.216426 0.226775 0.238217 0.248442 0.259627 0.269508 0.280184 0.289491 0.299403 0.307907 0.316803 0.324283 0.331929 0.338183 0.344368 0.349223 0.353772 0.357088 0.359870 0.361550 0.362484 0.362479 0.361537 0.359846 0.357054 0.353725 0.349163 0.344291 0.338088 0.331810 0.324139 0.316625 0.307692 0.299140 0.289177 0.279802 0.269054 0.259078 0.247793 0.237437 0.225857 0.215329 0.203678 0.193167 0.181644 0.171312 0.160085 0.150063 0.139265 0.129650 0.119373 0.110224 0.100523 0.091862 0.082752 0.074569 0.066030 0.058280 0.050259 0.042872 0.035288 0.028168 0.020922 0.013958 0.006931 0.000000 
0.000000 0.002841 0.005678 0.008643 0.011596 0.014804 0.017990 0.021560 0.025093 0.029139 0.033125 0.037756 0.042296 0.047610 0.052792 0.058878 0.064777 0.071703 0.078377 0.086192 0.093677 0.102406 0.110712 0.120348 0.129456 0.139959 0.149817 0.161110 0.171632 0.183600 0.194664 0.207152 0.218601 0.231415 0.243061 0.255976 0.267599 0.280359 0.291721 0.304052 0.314897 0.326512 0.336580 0.347192 0.356229 0.365564 0.373330 0.381136 0.387418 0.393476 0.398097 0.402235 0.405061 0.407159 0.408106 0.408102 0.407143 0.405035 0.402196 0.398045 0.393408 0.387332 0.381028 0.373198 0.365400 0.356031 0.346948 0.336287 0.326154 0.314471 0.303536 0.291109 0.279622 0.266729 0.254932 0.241836 0.229955 0.216895 0.205129 0.192312 0.180827 0.168422 0.157346 0.145481 0.134902 0.123658 0.113623 0.103040 0.093554 0.083630 0.074662 0.065352 0.056837 0.048068 0.039911 0.031580 0.023665 0.015647 0.007840 0.000000 
0.000000 0.003163 0.006396 0.009623 0.013061 0.016484 0.020262 0.024010 0.028257 0.032455 0.037295 0.042060 0.047610 0.053047 0.059413 0.065614 0.072883 0.079923 0.088163 0.096095 0.105347 0.114197 0.124472 0.134236 0.145508 0.156146 0.168350 0.179785 0.192814 0.204930 0.218631 0.231272 0.245452 0.258423 0.272846 0.285917 0.300313 0.313229 0.327300 0.339780 0.353212 0.364968 0.377437 0.388178 0.399371 0.408818 0.418437 0.426337 0.434117 0.440249 0.445972 0.450159 0.453660 0.455782 0.456957 0.456951 0.455765 0.453630 0.450117 0.445913 0.440173 0.434020 0.426217 0.418287 0.408636 0.399146 0.387907 0.377106 0.364571 0.352730 0.339207 0.326608 0.312410 0.299329 0.284759 0.271461 0.256801 0.243525 0.229025 0.215975 0.201848 0.189190 0.175601 0.163457 0.150522 0.138967 0.126756 0.115820 0.104350 0.094018 0.083265 0.073482 0.063379 0.054054 0.044501 0.035516 0.026384 0.017599 0.008741 0.000000 
0.000000 0.003545 0.007088 0.010786 0.014475 0.018476 0.022457 0.026907 0.031322 0.036364 0.041347 0.047117 0.052792 0.059413 0.065892 0.073471 0.080847 0.089472 0.097818 0.107550 0.116909 0.127778 0.138163 0.150162 0.161549 0.174627 0.186952 0.201013 0.214168 0.229069 0.242901 0.258448 0.272762 0.288715 0.303274 0.319352 0.333883 0.349769 0.363972 0.379323 0.392880 0.407339 0.419925 0.433137 0.444433 0.456054 0.465762 0.475479 0.483332 0.490873 0.496649 0.501801 0.505333 0.507944 0.509129 0.509123 0.507925 0.505300 0.501752 0.496585 0.490788 0.483225 0.475344 0.465597 0.455849 0.444185 0.432832 0.419559 0.406893 0.392347 0.378678 0.363207 0.348848 0.332795 0.318050 0.301744 0.286892 0.270630 0.255923 0.239963 0.225606 0.210159 0.196314 0.181537 0.168313 0.154310 0.141767 0.128584 0.116729 0.104363 0.093158 0.081556 0.070918 0.059988 0.049800 0.039411 0.029528 0.019528 0.009783 0.000000 
0.000000 0.003913 0.007910 0.011904 0.016154 0.020392 0.025058 0.029701 0.034945 0.040146 0.046122 0.052025 0.058878 0.065614 0.073471 0.081155 0.090126 0.098850 0.109018 0.118847 0.130264 0.141230 0.153908 0.166006 0.179914 0.193095 0.208152 0.222321 0.238395 0.253407 0.270311 0.285973 0.303466 0.319536 0.337329 0.353524 0.371284 0.387284 0.404643 0.420105 0.436674 0.451238 0.466620 0.479927 0.493733 0.505437 0.517302 0.527089 0.536686 0.544282 0.551342 0.556530 0.560847 0.563477 0.564926 0.564918 0.563455 0.560810 0.556477 0.551269 0.544189 0.536566 0.526940 0.517117 0.505212 0.493455 0.479591 0.466210 0.450747 0.436078 0.419395 0.403787 0.386270 0.370066 0.352090 0.335617 0.317529 0.301081 0.283191 0.267025 0.249592 0.233912 0.217142 0.202099 0.186136 0.171823 0.156750 0.143205 0.129046 0.116250 0.102972 0.090859 0.078381 0.066838 0.055035 0.043916 0.032630 0.021761 0.010810 0.000000 
0.000000 0.004350 0.008698 0.013233 0.017763 0.022666 0.027557 0.033010 0.038435 0.044611 0.050736 0.057801 0.064777 0.072883 0.080847 0.090126 0.099193 0.109752 0.120010 0.131923 0.143427 0.156731 0.169497 0.184182 0.198179 0.214185 0.229334 0.246543 0.262712 0.280948 0.297949 0.316975 0.334568 0.354091 0.371984 0.391659 0.409518 0.428957 0.446413 0.465197 0.481859 0.499552 0.515020 0.531186 0.545069 0.559288 0.571219 0.583108 0.592759 0.601987 0.609085 0.615389 0.619730 0.622925 0.624381 0.624373 0.622901 0.619689 0.615329 0.609006 0.601883 0.592628 0.582942 0.571016 0.559036 0.544764 0.530811 0.514570 0.499004 0.481205 0.464406 0.445474 0.427826 0.408182 0.390060 0.370105 0.351853 0.331951 0.313875 0.294342 0.276698 0.257790 0.240775 0.222687 0.206437 0.189293 0.173880 0.157739 0.143173 0.128029 0.114263 0.100052 0.086986 0.073593 0.061084 0.048351 0.036219 0.023957 0.012000 0.000000 
0.000000 0.004767 0.009634 0.014502 0.019674 0.024842 0.030519 0.036182 0.042559 0.048905 0.056171 0.063374 0.071703 0.079923 0.089472 0.098850 0.109752 0.120398 0.132754 0.144749 0.158621 0.172004 0.187408 0.202171 0.219069 0.235154 0.253447 0.270737 0.290265 0.308584 0.329119 0.348230 0.369481 0.389090 0.410704 0.430465 0.452038 0.471562 0.492648 0.511513 0.531640 0.549409 0.568094 0.584330 0.601100 0.615380 0.629792 0.641732 0.653390 0.662657 0.671232 0.677562 0.682806 0.686014 0.687774 0.687765 0.685988 0.682761 0.677497 0.671143 0.662543 0.653244 0.641551 0.629566 0.615105 0.600760 0.583920 0.567594 0.548811 0.530913 0.510648 0.491604 0.470325 0.450554 0.428717 0.408617 0.386642 0.366575 0.344839 0.325115 0.303934 0.284803 0.264426 0.246072 0.226673 0.209212 0.190893 0.174369 0.157157 0.141550 0.125407 0.110635 0.095459 0.081386 0.067027 0.053475 0.039741 0.026498 0.013166 0.000000 
0.000000 0.005262 0.010526 0.016009 0.021495 0.027421 0.033346 0.039933 0.046507 0.053967 0.061390 0.069921 0.078377 0.088163 0.097818 0.109018 0.120010 0.132754 0.145190 0.159568 0.173514 0.189570 0.205044 0.222767 0.239734 0.259049 0.277412 0.298179 0.317778 0.339782 0.360389 0.383347 0.404671 0.428227 0.449915 0.473655 0.495301 0.518755 0.539912 0.562576 0.582770 0.604117 0.622864 0.642368 0.659194 0.676350 0.690809 0.705153 0.716849 0.727983 0.736586 0.744190 0.749451 0.753306 0.755071 0.755062 0.753277 0.749402 0.744118 0.736489 0.727856 0.716690 0.704952 0.690563 0.676044 0.658824 0.641914 0.622319 0.603454 0.581978 0.561618 0.538774 0.517386 0.493683 0.471719 0.447640 0.425519 0.401502 0.379595 0.356022 0.334638 0.311819 0.291198 0.269365 0.249673 0.228977 0.210300 0.190812 0.173165 0.154877 0.138201 0.121036 0.105211 0.089029 0.073882 0.058493 0.043808 0.028983 0.014514 0.000000 
0.000000 0.005732 0.011582 0.017439 0.023652 0.029872 0.036688 0.043508 0.051162 0.058804 0.067523 0.076200 0.086192 0.096095 0.107550 0.118847 0.131923 0.144749 0.159568 0.174018 0.190655 0.206777 0.225249 0.243035 0.263297 0.282674 0.304610 0.325438 0.348853 0.370919 0.395542 0.418562 0.444042 0.467661 0.493577 0.517378 0.543244 0.566760 0.592041 0.614763 0.638894 0.660296 0.682697 0.702251 0.722357 0.739557 0.756835 0.771216 0.785192 0.796353 0.806633 0.814257 0.820544 0.824407 0.826518 0.826507 0.824377 0.820490 0.814179 0.806526 0.796216 0.785016 0.770997 0.756562 0.739225 0.721949 0.701759 0.682096 0.659575 0.638019 0.613722 0.590785 0.565272 0.541459 0.515274 0.491066 0.464716 0.440547 0.414482 0.390726 0.365325 0.342284 0.317844 0.295741 0.272472 0.251445 0.229468 0.209571 0.188920 0.170130 0.150756 0.132973 0.114756 0.097821 0.080578 0.064274 0.047776 0.031849 0.015828 0.000000 
0.000000 0.006288 0.012582 0.019131 0.025694 0.032768 0.039859 0.047720 0.055590 0.064489 0.073376 0.083552 0.093677 0.105347 0.116909 0.130264 0.143427 0.158621 0.173514 0.190655 0.207356 0.226496 0.245027 0.266153 0.286471 0.309494 0.331484 0.356236 0.379705 0.405932 0.430608 0.457970 0.483504 0.511579 0.537548 0.565841 0.591759 0.619712 0.645044 0.672054 0.696233 0.721673 0.744120 0.767363 0.787509 0.807954 0.825266 0.842360 0.856364 0.869631 0.879931 0.888994 0.895292 0.899886 0.901999 0.901988 0.899851 0.895234 0.888907 0.879816 0.869480 0.856173 0.842120 0.824971 0.807588 0.787067 0.766821 0.743468 0.720880 0.695286 0.670908 0.643683 0.618075 0.589825 0.563527 0.534826 0.508341 0.479714 0.453485 0.425385 0.399783 0.372579 0.347892 0.321861 0.298286 0.273609 0.251251 0.228011 0.206887 0.185074 0.165117 0.144637 0.125703 0.106391 0.088273 0.069901 0.052341 0.034636 0.017342 0.000000 
0.000000 0.006813 0.013763 0.020727 0.028103 0.035504 0.043593 0.051708 0.060789 0.069887 0.080227 0.090557 0.102406 0.114197 0.127778 0.141230 0.156731 0.172004 0.189570 0.206777 0.226496 0.245694 0.267587 0.288765 0.312780 0.335852 0.361849 0.386648 0.414397 0.440670 0.469850 0.497258 0.527452 0.555574 0.586284 0.614622 0.645272 0.673269 0.703226 0.730278 0.758871 0.784351 0.810895 0.834175 0.857998 0.878474 0.898947 0.916067 0.932627 0.945915 0.958095 0.967171 0.974621 0.979220 0.981720 0.981708 0.979183 0.974556 0.967078 0.957969 0.945752 0.932418 0.915808 0.898623 0.878080 0.857512 0.833588 0.810180 0.783494 0.757831 0.729039 0.701732 0.671499 0.643150 0.612119 0.583299 0.552072 0.523298 0.492407 0.464125 0.434018 0.406589 0.377619 0.351307 0.323722 0.298692 0.272636 0.248955 0.224465 0.202104 0.179124 0.157966 0.136353 0.116208 0.095744 0.076356 0.056768 0.037836 0.018808 0.000000 
0.000000 0.007431 0.014872 0.022606 0.030369 0.038721 0.047111 0.056387 0.065703 0.076200 0.086722 0.098722 0.110712 0.124472 0.138163 0.153908 0.169497 0.187408 0.205044 0.225249 0.245027 0.267587 0.289532 0.314431 0.338492 0.365627 0.391667 0.420838 0.448629 0.479537 0.508757 0.541002 0.571236 0.604322 0.635071 0.668413 0.699101 0.732041 0.762034 0.793863 0.822490 0.852469 0.879045 0.906434 0.930286 0.954377 0.974874 0.995017 1.011597 1.027231 1.039425 1.050104 1.057561 1.062974 1.065475 1.065463 1.062933 1.057492 1.050002 1.039289 1.027051 1.011371 0.994733 0.974526 0.953945 0.929763 0.905793 0.878274 0.851531 0.821370 0.792508 0.760424 0.730105 0.696812 0.665676 0.631852 0.600494 0.566754 0.535700 0.502580 0.472268 0.440202 0.410975 0.380288 0.352379 0.323284 0.296819 0.269414 0.244413 0.218685 0.195068 0.170908 0.148507 0.125717 0.104287 0.082599 0.061837 0.040928 0.020488 0.000000 
0.000000 0.008009 0.016175 0.024367 0.033029 0.041738 0.051234 0.060787 0.071443 0.082155 0.094286 0.106451 0.120348 0.134236 0.150162 0.166006 0.184182 0.202171 0.222767 0.243035 0.266153 0.288765 0.314431 0.339376 0.367527 0.394702 0.425176 0.454385 0.486912 0.517857 0.552059 0.584340 0.619732 0.652851 0.688846 0.722220 0.758145 0.791116 0.826228 0.858087 0.891599 0.921605 0.952716 0.980131 1.008053 1.032166 1.056160 1.076321 1.095730 1.111378 1.125653 1.136341 1.145071 1.150488 1.153418 1.153403 1.150444 1.144995 1.136231 1.125504 1.111185 1.095484 1.076016 1.055779 1.031702 1.007481 0.979441 0.951874 0.920597 0.890376 0.856629 0.824472 0.789034 0.755649 0.719276 0.685336 0.648731 0.614846 0.578633 0.545328 0.510033 0.477732 0.443767 0.412783 0.380438 0.350966 0.320408 0.292528 0.263803 0.237480 0.210520 0.185619 0.160255 0.136552 0.112529 0.089724 0.066721 0.044461 0.022105 0.000000 
0.000000 0.008687 0.017391 0.026429 0.035514 0.045268 0.055092 0.065921 0.076831 0.089082 0.101407 0.115409 0.129456 0.145508 0.161549 0.179914 0.198179 0.219069 0.239734 0.263297 0.286471 0.312780 0.338492 0.367527 0.395718 0.427359 0.457868 0.491883 0.524442 0.560482 0.594715 0.632312 0.667733 0.706310 0.742333 0.781206 0.817158 0.855563 0.890700 0.927809 0.961346 0.996296 1.027429 1.059361 1.087303 1.115389 1.139400 1.162884 1.182306 1.200532 1.214817 1.227266 1.236002 1.242312 1.245242 1.245227 1.242264 1.235921 1.227147 1.214657 1.200322 1.182042 1.162551 1.138992 1.114884 1.086690 1.058611 1.026527 0.995199 0.960034 0.926223 0.888816 0.853298 0.814480 0.778006 0.738566 0.701832 0.662489 0.626111 0.587488 0.551981 0.514584 0.480348 0.444557 0.411867 0.377929 0.346932 0.314959 0.285681 0.255660 0.228008 0.199809 0.173586 0.146978 0.121900 0.096569 0.072281 0.047851 0.023948 0.000000 
0.000000 0.009318 0.018812 0.028347 0.038414 0.048556 0.059586 0.070715 0.083088 0.095570 0.109652 0.123830 0.139959 0.156146 0.174627 0.193095 0.214185 0.235154 0.259049 0.282674 0.309494 0.335852 0.365627 0.394702 0.427359 0.459034 0.494384 0.528429 0.566159 0.602226 0.641899 0.679522 0.720573 0.759174 0.800924 0.839821 0.881489 0.919916 0.960640 0.997769 1.036638 1.071608 1.107691 1.139641 1.172024 1.200126 1.227954 1.251450 1.273960 1.292195 1.308751 1.321207 1.331332 1.337645 1.341043 1.341025 1.337594 1.331244 1.321080 1.308578 1.291971 1.273673 1.251094 1.227511 1.199585 1.171359 1.138837 1.106711 1.070434 1.035215 0.996073 0.958596 0.917492 0.878584 0.836394 0.796840 0.754379 0.714889 0.672880 0.634067 0.593120 0.555479 0.516071 0.479966 0.442434 0.408094 0.372631 0.340148 0.306805 0.276142 0.244841 0.215841 0.186385 0.158786 0.130879 0.104334 0.077601 0.051701 0.025710 0.000000 
0.000000 0.010052 0.020129 0.030581 0.041104 0.052378 0.063762 0.076274 0.088920 0.103070 0.117361 0.133529 0.149817 0.168350 0.186952 0.208152 0.229334 0.253447 0.277412 0.304610 0.331484 0.361849 0.391667 0.425176 0.457868 0.494384 0.529763 0.569017 0.606774 0.648363 0.688059 0.731446 0.772519 0.817034 0.858805 0.903662 0.945349 0.989665 1.030407 1.073226 1.112112 1.152441 1.188539 1.225384 1.257782 1.290189 1.318029 1.345125 1.367644 1.388674 1.405237 1.419601 1.429730 1.437011 1.440408 1.440391 1.436955 1.429636 1.419463 1.405052 1.388431 1.367338 1.344740 1.317556 1.289604 1.257072 1.224515 1.187493 1.151170 1.110592 1.071391 1.028224 0.987043 0.942247 0.899957 0.854442 0.811850 0.766446 0.724267 0.679691 0.638523 0.595359 0.555667 0.514352 0.476454 0.437272 0.401342 0.364423 0.330489 0.295817 0.263773 0.231197 0.200816 0.170070 0.141023 0.111743 0.083621 0.055369 0.027705 0.000000 
0.000000 0.010730 0.021657 0.032643 0.044223 0.055913 0.068594 0.081428 0.095649 0.110046 0.126226 0.142581 0.161110 0.179785 0.201013 0.222321 0.246543 0.270737 0.298179 0.325438 0.356236 0.386648 0.420838 0.454385 0.491883 0.528429 0.569017 0.608296 0.651617 0.693229 0.738779 0.782185 0.829317 0.873850 0.921783 0.966657 1.014494 1.058826 1.105579 1.148413 1.193036 1.233379 1.274802 1.311660 1.348837 1.381255 1.413202 1.440307 1.466148 1.487184 1.506191 1.520559 1.532183 1.539465 1.543366 1.543346 1.539406 1.532081 1.520412 1.505990 1.486926 1.465817 1.439897 1.412691 1.380632 1.348071 1.310734 1.273674 1.232025 1.191397 1.146458 1.103225 1.056033 1.011149 0.962709 0.917079 0.868325 0.822770 0.774533 0.729760 0.682739 0.639318 0.594061 0.552415 0.509307 0.469700 0.428962 0.391501 0.353193 0.317836 0.281866 0.248432 0.214573 0.182764 0.150674 0.120091 0.089340 0.059508 0.029599 0.000000 
0.000000 0.011514 0.023062 0.035027 0.047094 0.059994 0.073053 0.087362 0.101874 0.118053 0.134454 0.152936 0.171632 0.192814 0.214168 0.238395 0.262712 0.290265 0.317778 0.348853 0.379705 0.414397 0.448629 0.486912 0.524442 0.566159 0.606774 0.651617 0.694960 0.742471 0.788039 0.837602 0.884750 0.935601 0.983549 1.034789 1.082641 1.133262 1.180028 1.228939 1.273574 1.319640 1.361075 1.403161 1.440348 1.477365 1.509320 1.540269 1.566117 1.590138 1.609148 1.625555 1.637181 1.645497 1.649397 1.649377 1.645433 1.637073 1.625397 1.608936 1.589859 1.565766 1.539828 1.508777 1.476694 1.439533 1.402165 1.359876 1.318184 1.271832 1.226836 1.177526 1.130258 1.079085 1.030543 0.978548 0.929661 0.877788 0.829377 0.778447 0.731197 0.681877 0.636321 0.589110 0.545618 0.500839 0.459607 0.417408 0.378472 0.338834 0.302073 0.264821 0.229977 0.194807 0.161503 0.127997 0.095765 0.063424 0.031729 0.000000 
0.000000 0.012232 0.024682 0.037212 0.050399 0.063740 0.078174 0.092824 0.109005 0.125444 0.143849 0.162527 0.183600 0.204930 0.229069 0.253407 0.280948 0.308584 0.339782 0.370919 0.405932 0.440670 0.479537 0.517857 0.560482 0.602226 0.648363 0.693229 0.742471 0.790000 0.841774 0.891352 0.944923 0.995787 1.050268 1.101521 1.155892 1.206525 1.259663 1.308585 1.359301 1.405376 1.452456 1.494551 1.536804 1.573828 1.610137 1.641092 1.670461 1.694486 1.716087 1.732496 1.745707 1.754023 1.758457 1.758434 1.753957 1.745591 1.732329 1.715859 1.694192 1.670084 1.640624 1.609554 1.573117 1.535930 1.493495 1.451169 1.403832 1.357431 1.306354 1.256979 1.203339 1.152078 1.097017 1.044905 0.989486 0.937459 0.882625 0.831492 0.778036 0.728450 0.676995 0.629437 0.580421 0.535195 0.488868 0.446098 0.402526 0.362163 0.321241 0.283083 0.244552 0.208257 0.171727 0.136842 0.101823 0.067810 0.033736 0.000000 
0.000000 0.013056 0.026160 0.039720 0.053418 0.068031 0.082862 0.099065 0.115551 0.133865 0.152501 0.173417 0.194664 0.218631 0.242901 0.270311 0.297949 0.329119 0.360389 0.395542 0.430608 0.469850 0.508757 0.552059 0.594715 0.641899 0.688059 0.738779 0.788039 0.841774 0.893563 0.949617 1.003201 1.060711 1.115203 1.173153 1.227534 1.284782 1.337930 1.393243 1.443968 1.496064 1.543151 1.590746 1.633005 1.674867 1.711180 1.746180 1.775553 1.802718 1.824321 1.842875 1.856086 1.865491 1.869923 1.869900 1.865418 1.855964 1.842695 1.824080 1.802402 1.775155 1.745679 1.710564 1.674105 1.632081 1.589615 1.541790 1.494411 1.441990 1.390857 1.335090 1.281374 1.223498 1.168335 1.109527 1.053972 0.995301 0.940287 0.882678 0.828985 0.773194 0.721429 0.668018 0.618600 0.567934 0.521091 0.473336 0.429106 0.384240 0.342489 0.300315 0.260749 0.220919 0.183114 0.145155 0.108580 0.071927 0.035975 0.000000 
0.000000 0.013806 0.027850 0.042000 0.056867 0.071939 0.088206 0.104763 0.122991 0.141576 0.162304 0.183424 0.207152 0.231272 0.258448 0.285973 0.316975 0.348230 0.383347 0.418562 0.457970 0.497258 0.541002 0.584340 0.632312 0.679522 0.731446 0.782185 0.837602 0.891352 0.949617 1.005684 1.065970 1.123491 1.184799 1.242759 1.303943 1.361200 1.420997 1.476318 1.533388 1.585490 1.638468 1.686069 1.733614 1.775481 1.816337 1.851341 1.884388 1.911555 1.935862 1.954417 1.969282 1.978686 1.983674 1.983649 1.978611 1.969151 1.954228 1.935604 1.911223 1.883963 1.850813 1.815679 1.774677 1.732628 1.684876 1.637015 1.583746 1.531277 1.473798 1.417966 1.357602 1.299638 1.237672 1.178746 1.116375 1.057545 0.995830 0.938012 0.877844 0.821777 0.763857 0.710086 0.654905 0.603776 0.551614 0.503266 0.454198 0.408579 0.362485 0.319366 0.275953 0.234951 0.193780 0.154384 0.114900 0.076502 0.038068 0.000000 
0.000000 0.014659 0.029379 0.044596 0.059992 0.076381 0.093057 0.111223 0.129766 0.150291 0.171258 0.194694 0.218601 0.245452 0.272762 0.303466 0.334568 0.369481 0.404671 0.444042 0.483504 0.527452 0.571236 0.619732 0.667733 0.720573 0.772519 0.829317 0.884750 0.944923 1.003201 1.065970 1.126266 1.190664 1.251982 1.316872 1.378064 1.442168 1.501971 1.563907 1.620984 1.679316 1.732299 1.785592 1.833142 1.880014 1.920874 1.960063 1.993113 2.023529 2.047836 2.068611 2.083476 2.094006 2.098993 2.098967 2.093925 2.083339 2.068409 2.047565 2.023174 1.992666 1.959500 1.920182 1.879159 1.832103 1.784322 1.730769 1.677460 1.618761 1.561227 1.498779 1.438339 1.373529 1.311462 1.245605 1.183096 1.117390 1.055491 0.990971 0.930561 0.868072 0.809833 0.750005 0.694410 0.637650 0.584956 0.531449 0.481702 0.431422 0.384471 0.337196 0.292714 0.248053 0.205563 0.162985 0.121892 0.080762 0.040386 0.000000 
0.000000 0.015428 0.031114 0.046936 0.063531 0.080392 0.098541 0.117070 0.137401 0.158204 0.181317 0.204963 0.231415 0.258423 0.288715 0.319536 0.354091 0.389090 0.428227 0.467661 0.511579 0.555574 0.604322 0.652851 0.706310 0.759174 0.817034 0.873850 0.935601 0.995787 1.060711 1.123491 1.190664 1.255071 1.323384 1.388281 1.456454 1.520564 1.587190 1.649132 1.712719 1.771057 1.830084 1.883380 1.936355 1.983230 2.028751 2.067943 2.104763 2.135180 2.162261 2.183036 2.199599 2.210127 2.215685 2.215657 2.210043 2.199452 2.182825 2.161973 2.134808 2.104287 2.067352 2.028016 1.982332 1.935252 1.882046 1.828460 1.769106 1.710360 1.646315 1.583803 1.516541 1.451643 1.382594 1.316619 1.247116 1.181250 1.112474 1.047742 0.980687 0.917917 0.853362 0.793167 0.731658 0.674424 0.616273 0.562158 0.507446 0.456395 0.404987 0.356744 0.308314 0.262451 0.216507 0.172454 0.128377 0.085457 0.042534 0.000000 
0.000000 0.016296 0.032669 0.049576 0.066709 0.084910 0.103476 0.123641 0.144292 0.167070 0.190425 0.216426 0.243061 0.272846 0.303274 0.337329 0.371984 0.410704 0.449915 0.493577 0.537548 0.586284 0.635071 0.688846 0.742333 0.800924 0.858805 0.921783 0.983549 1.050268 1.115203 1.184799 1.251982 1.323384 1.391703 1.463649 1.531829 1.602902 1.669533 1.738203 1.801794 1.866468 1.925499 1.984584 2.037561 2.089528 2.135051 2.178500 2.215321 2.249042 2.276124 2.299156 2.315718 2.327392 2.332948 2.332919 2.327302 2.315565 2.298932 2.275823 2.248648 2.214823 2.177873 2.134281 2.088576 2.036405 1.983171 1.923797 1.864403 1.799321 1.735221 1.665982 1.598644 1.526783 1.457633 1.384609 1.314968 1.242108 1.173147 1.101599 1.034299 0.964997 0.900119 0.833762 0.771834 0.708873 0.650182 0.590820 0.535419 0.479626 0.427349 0.374877 0.325361 0.275776 0.228491 0.181202 0.135488 0.089790 0.044890 0.000000 
0.000000 0.017071 0.034417 0.051934 0.070277 0.088952 0.109003 0.129534 0.151988 0.175044 0.200563 0.226775 0.255976 0.285917 0.319352 0.353524 0.391659 0.430465 0.473655 0.517378 0.565841 0.614622 0.668413 0.722220 0.781206 0.839821 0.903662 0.966657 1.034789 1.101521 1.173153 1.242759 1.316872 1.388281 1.463649 1.535602 1.610815 1.681893 1.755400 1.824073 1.894226 1.958903 2.024025 2.083112 2.141556 2.193525 2.243745 2.287195 2.327816 2.361537 2.391414 2.414446 2.432718 2.444390 2.450522 2.450490 2.444297 2.432555 2.414212 2.391095 2.361125 2.327289 2.286540 2.242931 2.192530 2.140335 2.081635 2.022228 1.956744 1.891616 1.820955 1.751652 1.677439 1.605491 1.529306 1.456164 1.379475 1.306455 1.230564 1.158804 1.084807 1.015225 0.943981 0.877256 0.809367 0.745929 0.681739 0.621766 0.561361 0.504792 0.448022 0.394576 0.341080 0.290285 0.239519 0.190745 0.142022 0.094521 0.047055 0.000000 
0.000000 0.017938 0.035970 0.054569 0.073449 0.093462 0.113929 0.136094 0.158866 0.183893 0.209654 0.238217 0.267599 0.300313 0.333883 0.371284 0.409518 0.452038 0.495301 0.543244 0.591759 0.645272 0.699101 0.758145 0.817158 0.881489 0.945349 1.014494 1.082641 1.155892 1.227534 1.303943 1.378064 1.456454 1.531829 1.610815 1.686034 1.764061 1.837571 1.912959 1.983116 2.054116 2.119240 2.184104 2.242550 2.299599 2.349821 2.397519 2.438141 2.475160 2.505036 2.530321 2.548592 2.561407 2.567537 2.567505 2.561308 2.548423 2.530074 2.504704 2.474725 2.437592 2.396829 2.348972 2.298552 2.241276 2.182549 2.117364 2.051842 1.980391 1.909676 1.833659 1.759373 1.680476 1.604190 1.524014 1.447188 1.367188 1.291114 1.212550 1.138311 1.062209 0.990644 0.917769 0.849464 0.780310 0.715581 0.650371 0.589279 0.527977 0.470340 0.412674 0.358094 0.303584 0.251479 0.199476 0.149120 0.098845 0.049407 0.000000 
0.000000 0.018703 0.037698 0.056900 0.076974 0.097456 0.119391 0.141916 0.166470 0.191773 0.219671 0.248442 0.280359 0.313229 0.349769 0.387284 0.428957 0.471562 0.518755 0.566760 0.619712 0.673269 0.732041 0.791116 0.855563 0.919916 0.989665 1.058826 1.133262 1.206525 1.284782 1.361200 1.442168 1.520564 1.602902 1.681893 1.764061 1.842093 1.922394 1.997785 2.074423 2.145426 2.216567 2.281433 2.345278 2.402329 2.457191 2.504889 2.549264 2.586283 2.618921 2.644205 2.664165 2.676979 2.683677 2.683642 2.676876 2.663987 2.643948 2.618571 2.585831 2.548687 2.504172 2.456299 2.401238 2.343940 2.279814 2.214598 2.143059 2.071563 1.994367 1.918288 1.837210 1.758228 1.674993 1.594701 1.510912 1.430755 1.347835 1.269062 1.188207 1.111828 1.033975 0.960737 0.886543 0.816919 0.746756 0.680943 0.614907 0.552839 0.490764 0.432135 0.373624 0.317918 0.262375 0.208903 0.155576 0.103519 0.051545 0.000000 
0.000000 0.019551 0.039215 0.059476 0.080075 0.101865 0.124206 0.148328 0.173193 0.200423 0.228557 0.259627 0.291721 0.327300 0.363972 0.404643 0.446413 0.492648 0.539912 0.592041 0.645044 0.703226 0.762034 0.826228 0.890700 0.960640 1.030407 1.105579 1.180028 1.259663 1.337930 1.420997 1.501971 1.587190 1.669533 1.755400 1.837571 1.922394 2.002699 2.084652 2.161292 2.238475 2.309617 2.380129 2.443975 2.505992 2.560854 2.612704 2.657079 2.697321 2.729958 2.757443 2.777402 2.791334 2.798029 2.797994 2.791225 2.777218 2.757174 2.729595 2.696847 2.656480 2.611952 2.559928 2.504849 2.442586 2.378433 2.307571 2.235996 2.158321 2.081073 1.998432 1.917284 1.831509 1.748177 1.661010 1.577089 1.490110 1.407011 1.321590 1.240497 1.157747 1.079581 1.000333 0.925731 0.850520 0.779832 0.708900 0.642193 0.575500 0.512577 0.449824 0.390253 0.330916 0.274065 0.217437 0.162513 0.107746 0.053845 0.000000 
0.000000 0.020290 0.040885 0.061728 0.083482 0.105725 0.129484 0.153955 0.180541 0.208037 0.238237 0.269508 0.304052 0.339780 0.379323 0.420105 0.465197 0.511513 0.562576 0.614763 0.672054 0.730278 0.793863 0.858087 0.927809 0.997769 1.073226 1.148413 1.228939 1.308585 1.393243 1.476318 1.563907 1.649132 1.738203 1.824073 1.912959 1.997785 2.084652 2.166607 2.249510 2.326694 2.403649 2.474162 2.543225 2.605243 2.664588 2.716438 2.764439 2.804680 2.839985 2.867470 2.889060 2.902990 2.910235 2.910197 2.902879 2.888868 2.867191 2.839605 2.804190 2.763813 2.715659 2.663620 2.604059 2.541774 2.472405 2.401513 2.324124 2.246406 2.162896 2.080197 1.992486 1.906631 1.816585 1.729306 1.638657 1.551528 1.461814 1.376191 1.288707 1.205690 1.121447 1.041849 0.961557 0.885893 0.809955 0.738440 0.666956 0.599522 0.532312 0.468628 0.405259 0.344767 0.284592 0.226546 0.168751 0.112262 0.055911 0.000000 
0.000000 0.021099 0.042334 0.064187 0.086442 0.109933 0.134080 0.160075 0.186959 0.216294 0.246719 0.280184 0.314897 0.353212 0.392880 0.436674 0.481859 0.531640 0.582770 0.638894 0.696233 0.758871 0.822490 0.891599 0.961346 1.036638 1.112112 1.193036 1.273574 1.359301 1.443968 1.533388 1.620984 1.712719 1.801794 1.894226 1.983116 2.074423 2.161292 2.249510 2.332414 2.415496 2.492453 2.568354 2.637417 2.704173 2.763519 2.819331 2.867332 2.910649 2.945952 2.975538 2.997128 3.012123 3.019366 3.019329 3.012006 2.996929 2.975247 2.945561 2.910137 2.866685 2.818519 2.762518 2.702940 2.635916 2.566523 2.490243 2.412820 2.329204 2.245646 2.156684 2.068906 1.976569 1.886430 1.792590 1.701815 1.608175 1.518292 1.426324 1.338614 1.249515 1.164974 1.079639 0.998959 0.917963 0.841523 0.765124 0.692999 0.621151 0.553131 0.485511 0.421131 0.357173 0.295750 0.234691 0.175372 0.116296 0.058105 0.000000 
0.000000 0.021796 0.043906 0.066308 0.089651 0.113569 0.139051 0.165375 0.193881 0.223466 0.255837 0.289491 0.326512 0.364968 0.407339 0.451238 0.499552 0.549409 0.604117 0.660296 0.721673 0.784351 0.852469 0.921605 0.996296 1.071608 1.152441 1.233379 1.319640 1.405376 1.496064 1.585490 1.679316 1.771057 1.866468 1.958903 2.054116 2.145426 2.238475 2.326694 2.415496 2.498579 2.581010 2.656912 2.730889 2.797645 2.861212 2.917024 2.968440 3.011756 3.049572 3.079157 3.102284 3.117278 3.125038 3.124998 3.117158 3.102077 3.078857 3.049165 3.011229 2.967768 2.916187 2.860172 2.796372 2.729330 2.655023 2.578715 2.495818 2.412163 2.322706 2.233689 2.139732 2.047318 1.950856 1.856912 1.759801 1.666019 1.569906 1.477749 1.384019 1.294669 1.204405 1.118741 1.032702 0.951279 0.869895 0.792946 0.716323 0.643777 0.571719 0.503223 0.435264 0.370219 0.305666 0.243271 0.181248 0.120550 0.060051 0.000000 
0.000000 0.022547 0.045251 0.068591 0.092399 0.117476 0.143319 0.171057 0.199839 0.231132 0.263712 0.299403 0.336580 0.377437 0.419925 0.466620 0.515020 0.568094 0.622864 0.682697 0.744120 0.810895 0.879045 0.952716 1.027429 1.107691 1.188539 1.274802 1.361075 1.452456 1.543151 1.638468 1.732299 1.830084 1.925499 2.024025 2.119240 2.216567 2.309617 2.403649 2.492453 2.581010 2.663442 2.744345 2.818322 2.889477 2.953044 3.012534 3.063950 3.110120 3.147935 3.179470 3.202596 3.218579 3.226338 3.226297 3.218454 3.202383 3.179159 3.147516 3.109573 3.063258 3.011666 2.951974 2.888158 2.816717 2.742388 2.661079 2.578150 2.489020 2.399519 2.304689 2.210670 2.112240 2.015692 1.915657 1.818430 1.718604 1.622334 1.524286 1.430347 1.335352 1.244812 1.153822 1.067423 0.981050 0.899200 0.817717 0.740499 0.663855 0.591046 0.518895 0.449999 0.381736 0.316024 0.250832 0.187394 0.124295 0.062089 0.000000 
0.000000 0.023184 0.046688 0.070529 0.095331 0.120798 0.147861 0.175900 0.206163 0.237686 0.272044 0.307907 0.347192 0.388178 0.433137 0.479927 0.531186 0.584330 0.642368 0.702251 0.767363 0.834175 0.906434 0.980131 1.059361 1.139641 1.225384 1.311660 1.403161 1.494551 1.590746 1.686069 1.785592 1.883380 1.984584 2.083112 2.184104 2.281433 2.380129 2.474162 2.568354 2.656912 2.744345 2.825248 2.903714 2.974869 3.042292 3.101782 3.156317 3.202488 3.242597 3.274131 3.298661 3.314643 3.322874 3.322831 3.314515 3.298441 3.273813 3.242164 3.201926 3.155602 3.100891 3.041186 2.973514 2.902055 2.823238 2.741904 2.653973 2.564808 2.469920 2.375039 2.275374 2.176875 2.074550 1.974420 1.871404 1.771450 1.669489 1.571268 1.471829 1.376605 1.280836 1.189546 1.098251 1.011488 0.925121 0.843136 0.761808 0.684527 0.608028 0.535077 0.462912 0.393655 0.325084 0.258671 0.192762 0.128182 0.063867 0.000000 
